function [Voltage_output, phasors] = ieee34_iter2(loads, Zbus, Cbus)

tapA814R = 1.0 + 0.00625 * 12;
tapB814R = 1.0 + 0.00625 * 5;
tapC814R = 1.0 + 0.00625 * 5;
alpha814R = [tapA814R; tapB814R; tapC814R];
alphaM814R = alpha814R * alpha814R';

tapA852R = 1.0 + 0.00625 * 13;
tapB852R = 1.0 + 0.00625 * 11;
tapC852R = 1.0 + 0.00625 * 12;
alpha852R = [tapA852R; tapB852R; tapC852R];
alphaM852R = alpha852R * alpha852R';

Xfmr_ratio = 4.16/24.9;
Xfmr = [4.16/24.9; 4.16/24.9; 4.16/24.9];
XfmrM = Xfmr * Xfmr';

Z800802 = Zbus([4, 5, 6],[7, 8, 9]);
Z802806 = Zbus([7, 8, 9],[10, 11, 12]);
Z806808 = Zbus([10, 11, 12],[13, 14, 15]);
Z808810 = Zbus([14],[16]);
Z808812 = Zbus([13, 14, 15],[17, 18, 19]);
Z812814 = Zbus([17, 18, 19],[20, 21, 22]);
Z814R850 = Zbus([23, 24, 25],[26, 27, 28]);
Z816818 = Zbus([29],[30]);
Z816824 = Zbus([29, 31, 32],[33, 34, 35]);
Z818820 = Zbus([30],[36]);
Z820822 = Zbus([36],[37]);
Z824826 = Zbus([34],[38]);
Z824828 = Zbus([33, 34, 35],[39, 40, 41]);
Z828830 = Zbus([39, 40, 41],[42, 43, 44]);
Z830854 = Zbus([42, 43, 44],[45, 46, 47]);
Z832858 = Zbus([48, 49, 50],[51, 52, 53]);
Z832888 = Zbus([48, 49, 50],[84, 85, 86]);
Z834860 = Zbus([54, 55, 56],[57, 58, 59]);
Z834842 = Zbus([54, 55, 56],[60, 61, 62]);
Z836840 = Zbus([63, 64, 65],[66, 67, 68]);
Z836862 = Zbus([63, 64, 65],[69, 70, 71]);
Z842844 = Zbus([60, 61, 62],[72, 73, 74]);
Z844846 = Zbus([72, 73, 74],[75, 76, 77]);
Z846848 = Zbus([75, 76, 77],[78, 79, 80]);
Z850816 = Zbus([26, 27, 28],[29, 31, 32]);
Z852R832 = Zbus([81, 82, 83],[48, 49, 50]);
Z854856 = Zbus([46],[87]);
Z854852 = Zbus([45, 46, 47],[88, 89, 90]);
Z858864 = Zbus([51],[91]);
Z858834 = Zbus([51, 52, 53],[54, 55, 56]);
Z860836 = Zbus([57, 58, 59],[63, 64, 65]);
Z862838 = Zbus([70],[92]);
Z888890 = Zbus([84, 85, 86],[93, 94, 95]);
ZSOURCEBUS800 = Zbus([1, 2, 3],[4, 5, 6]);
Z814814R = Zbus([20, 21, 22],[23, 24, 25]);
Z852852R = Zbus([88, 89, 90],[81, 82, 83]);


% three phase voltage at slack bus
Vbase = 24900 / sqrt(3);
v0=1.00 * Vbase * [0,sqrt(3),0]';
% voltage upper and lower bounds
V_lb = 0.80 * Vbase;
V_ub = 1.10 * Vbase;
v_lb = V_lb * V_lb;
v_ub = V_ub * V_ub;

% sequential component parameters
a = -0.5 + 0.5 * i * sqrt(3);
A = 1/sqrt(3) * [1,1,1; 1, a*a, a; 1, a, a*a];
AH = 1/sqrt(3) * [1,1,1; 1, a, a*a; 1, a*a, a];



cvx_begin sdp quiet
% cvx_begin sdp 
% the solver: 
% cvx_solver SeDuMi;
cvx_solver Mosek;

% voltage square variables
variable v802(3,3) hermitian
variable v806(3,3) hermitian
variable v808(3,3) hermitian
variable v810(1,1) hermitian
variable v808_abc(3,3) hermitian
variable v812(3,3) hermitian
variable v814(3,3) hermitian
variable v850(3,3) hermitian
variable v818(1,1) hermitian
variable v816_abc(3,3) hermitian
variable v824(3,3) hermitian
variable v820(1,1) hermitian
variable v822(1,1) hermitian
variable v826(1,1) hermitian
variable v824_abc(3,3) hermitian
variable v828(3,3) hermitian
variable v830(3,3) hermitian
variable v854(3,3) hermitian
variable v858(3,3) hermitian
variable v888(3,3) hermitian
variable v860(3,3) hermitian
variable v842(3,3) hermitian
variable v840(3,3) hermitian
variable v862(3,3) hermitian
variable v844(3,3) hermitian
variable v846(3,3) hermitian
variable v848(3,3) hermitian
variable v816(3,3) hermitian
variable v832(3,3) hermitian
variable v856(1,1) hermitian
variable v854_abc(3,3) hermitian
variable v852(3,3) hermitian
variable v864(1,1) hermitian
variable v858_abc(3,3) hermitian
variable v834(3,3) hermitian
variable v836(3,3) hermitian
variable v838(1,1) hermitian
variable v862_abc(3,3) hermitian
variable v890(3,3) hermitian
variable v800(3,3) hermitian
variable v814R(3,3) hermitian
variable v852R(3,3) hermitian
variable vSOURCEBUS(3,3) hermitian

% complex power variables
variable S800802(3,3) complex
variable S802806(3,3) complex
variable S806808(3,3) complex
variable S808810(1,1) complex
variable S808812(3,3) complex
variable S812814(3,3) complex
variable S814R850(3,3) complex
variable S816818(1,1) complex
variable S816824(3,3) complex
variable S818820(1,1) complex
variable S820822(1,1) complex
variable S824826(1,1) complex
variable S824828(3,3) complex
variable S828830(3,3) complex
variable S830854(3,3) complex
variable S832858(3,3) complex
variable S832888(3,3) complex
variable S834860(3,3) complex
variable S834842(3,3) complex
variable S836840(3,3) complex
variable S836862(3,3) complex
variable S842844(3,3) complex
variable S844846(3,3) complex
variable S846848(3,3) complex
variable S850816(3,3) complex
variable S852R832(3,3) complex
variable S854856(1,1) complex
variable S854852(3,3) complex
variable S858864(1,1) complex
variable S858834(3,3) complex
variable S860836(3,3) complex
variable S862838(1,1) complex
variable S888890(3,3) complex
variable SSOURCEBUS800(3,3) complex
variable S814814R(3,3) complex
variable S852852R(3,3) complex

% current square variables
variable l800802(3,3) hermitian
variable l802806(3,3) hermitian
variable l806808(3,3) hermitian
variable l808810(1,1) hermitian
variable l808812(3,3) hermitian
variable l812814(3,3) hermitian
variable l814R850(3,3) hermitian
variable l816818(1,1) hermitian
variable l816824(3,3) hermitian
variable l818820(1,1) hermitian
variable l820822(1,1) hermitian
variable l824826(1,1) hermitian
variable l824828(3,3) hermitian
variable l828830(3,3) hermitian
variable l830854(3,3) hermitian
variable l832858(3,3) hermitian
variable l832888(3,3) hermitian
variable l834860(3,3) hermitian
variable l834842(3,3) hermitian
variable l836840(3,3) hermitian
variable l836862(3,3) hermitian
variable l842844(3,3) hermitian
variable l844846(3,3) hermitian
variable l846848(3,3) hermitian
variable l850816(3,3) hermitian
variable l852R832(3,3) hermitian
variable l854856(1,1) hermitian
variable l854852(3,3) hermitian
variable l858864(1,1) hermitian
variable l858834(3,3) hermitian
variable l860836(3,3) hermitian
variable l862838(1,1) hermitian
variable l888890(3,3) hermitian
variable lSOURCEBUS800(3,3) hermitian
variable l814814R(3,3) hermitian
variable l852852R(3,3) hermitian


